2 19
3 1
2 16
1 2
2 15
1 4
3 1
2 6
4 1
1 5
1 12
2 23
3 1
2 22
2 15
1 4
3 1
2 7
4 2
2 10
4 3
2 6
4 4
1 5
1 12
2 23
4 5
2 17
4 1
2 17
4 6
2 22
2 16
1 12
2 23
4 7
2 17
4 1
2 17
4 8
2 22
2 16
1 12
2 23
4 1
2 17
4 9
2 17
4 10
2 22
2 15
3 2
2 17
3 3
2 16
1 2
2 15
1 11
2 23
3 1
2 17
3 2
2 17
3 3
2 22
2 15
1 4
3 1
2 1
3 2
2 10
3 3
1 5
3 1
2 14
3 2
2 10
3 3
2 10
3 1
2 15
3 2
2 14
4 11
2 15
1 10
3 1
2 10
4 1
2 12
3 2
2 6
4 12
1 9
3 2
2 14
3 2
2 8
4 10
2 16
3 1
2 14
3 1
2 7
4 10
2 15
3 4
2 17
3 5
2 16
1 2
2 15
1 7
3 4
2 14
4 13
1 8
3 3
2 4
4 2
1 9
3 1
2 14
3 1
2 10
4 1
2 16
3 2
2 14
3 2
2 11
4 1
2 15
3 6
2 17
3 7
2 17
3 8
2 17
3 9
2 16
1 2
2 15
3 6
2 14
4 14
2 15
3 6
2 14
4 15
2 15
3 6
2 14
4 16
2 15
3 5
2 14
4 17
2 15
2 20
